000 000 000 000 000 000 000 000 000 000
000 000 000 000 000 000 000 000 000 000
000 000 000 000 000 000 000 000 000 000
000 000 000 000 000 000 000 000 000 000
000 000 000 000 000 000 000 000 000 000
000 000 000 000 000 000 000 000 000 000
000 000 000 000 000 000 000 000 000 000
000 000 111 111 111 111 000 111 000 000
000 000 000 000 111 000 000 000 000 000
000 000 112 000 112 000 000 000 000 000
000 000 000 000 000 000 000 000 000 000
000 000 000 000 000 000 000 000 000 000
000 000 000 000 000 000 000 000 000 000
000 000 000 000 000 000 000 000 000 000
000 000 000 000 000 000 000 000 000 000
000 000 000 000 000 000 000 000 000 000
000 000 000 000 000 000 000 000 000 000
000 000 000 000 000 000 000 000 000 000
000 000 000 000 000 000 000 000 000 000
000 000 000 000 000 000 000 000 000 000

